/*
Legend:
 0 - cant act here
 1 - can move and attack here
 2 - can attack, but not move
 3 - can move, but not attack
*/

move0: ()
move1:
| 0 1 0
| 1 0 1
| 0 1 0
move2:
| 0 0 1 0 0
| 0 0 1 0 0
| 1 1 0 1 1
| 0 0 1 0 0
| 0 0 1 0 0
move3:
| 0 0 0 1 0 0 0
| 0 0 0 1 0 0 0
| 0 0 1 1 1 0 0
| 1 1 1 0 1 1 1
| 0 0 1 1 1 0 0
| 0 0 0 1 0 0 0
| 0 0 0 1 0 0 0
move4:
| 0 0 0 0 1 0 0 0 0
| 0 0 0 0 1 0 0 0 0
| 0 0 0 0 1 0 0 0 0
| 0 0 0 1 1 1 0 0 0
| 1 1 1 1 0 1 1 1 1
| 0 0 0 1 1 1 0 0 0
| 0 0 0 0 1 0 0 0 0
| 0 0 0 0 1 0 0 0 0
| 0 0 0 0 1 0 0 0 0
move_l:
| 0 1 1 1 0
| 1 0 1 0 1
| 1 1 0 1 1
| 1 0 1 0 1
| 0 1 1 1 0
skirmish0:
| 0 0 2 0 0
| 0 0 3 0 0
| 2 3 0 3 2
| 0 0 3 0 0
| 0 0 2 0 0
skirmish1:
| 0 0 1 0 0
| 0 0 1 0 0
| 1 1 0 1 1
| 0 0 1 0 0
| 0 0 1 0 0
skirmish2:
| 0 0 0 2 0 0 0
| 0 0 0 1 0 0 0
| 0 0 2 1 2 0 0
| 2 1 1 0 1 1 2
| 0 0 2 1 2 0 0
| 0 0 0 1 0 0 0
| 0 0 0 2 0 0 0
skirmish3:
| 0 0 0 0 2 0 0 0 0
| 0 0 0 0 2 0 0 0 0
| 0 0 0 0 1 0 0 0 0
| 0 0 0 2 1 2 0 0 0
| 2 2 1 1 0 1 1 2 2
| 0 0 0 2 1 2 0 0 0
| 0 0 0 0 1 0 0 0 0
| 0 0 0 0 2 0 0 0 0
| 0 0 0 0 2 0 0 0 0
ranged1:
| 0 0 2 0 0
| 0 2 3 2 0
| 2 3 0 3 2
| 0 2 3 2 0
| 0 0 2 0 0
ranged2:
| 0 0 0 2 0 0 0
| 0 0 0 2 0 0 0
| 0 0 2 3 2 0 0
| 2 2 3 0 3 2 2
| 0 0 2 3 2 0 0
| 0 0 0 2 0 0 0
| 0 0 0 2 0 0 0
turret:
| 0 0 2 0 0
| 0 2 2 2 0
| 2 2 0 2 2
| 0 2 2 2 0
| 0 0 2 0 0